498.443486621522
501.265001848057
504.085596066658
506.905269701391
509.724023176083
512.541856914284
515.358771339293
518.174766874148
520.989843941626
523.804002964248
526.617244364274
529.429568563701
532.240975984279
535.051467047483
537.861042174550
540.669701786451
543.477446303885
546.284276147316
549.090191736934
551.895193492683
554.699281834241
557.502457181040
560.304719952250
563.106070566775
565.906509443280
568.706037000166
571.504653655574
574.302359827402
577.099155933274
579.895042390577
582.690019616436
585.484088027718
588.277248041040
591.069500072762
593.860844538988
596.651281855579
599.440812438127
602.229436701987
605.017155062242
607.803967933731
610.589875731048
613.374878868525
616.158977760237
618.942172820014
621.724464461438
624.505853097825
627.286339142256
630.065923007547
632.844605106270
635.622385850738
638.399265653028
641.175244924947
643.950324078065
646.724503523692
649.497783672901
652.270164936505
655.041647725060
657.812232448891
660.581919518064
663.350709342391
666.118602331438
668.885598894527
671.651699440725
674.416904378858
677.181214117493
679.944629064954
682.707149629319
685.468776218419
688.229509239832
690.989349100889
693.748296208686
696.506350970052
699.263513791581
702.019785079626
704.775165240277
707.529654679388
710.283253802575
713.035963015187
715.787782722340
718.538713328913
721.288755239526
724.037908858552
726.786174590126
729.533552838146
732.280044006249
735.025648497834
737.770366716058
740.514199063831
743.257145943830
745.999207758467
748.740384909928
751.480677800148
754.220086830827
756.958612403408
759.696254919101
762.433014778874
765.168892383449
767.903888133306
770.638002428689
773.371235669585
776.103588255763
778.835060586722
781.565653061744
784.295366079858
787.024200039852
789.752155340285
792.479232379450
795.205431555429
797.930753266044
800.655197908883
803.378765881301
806.101457580404
808.823273403054
811.544213745886
814.264279005297
816.983469577431
819.701785858199
822.419228243285
825.135797128118
827.851492907897
830.566315977580
833.280266731897
835.993345565319
838.705552872105
841.416889046258
844.127354481555
846.836949571519
849.545674709463
852.253530288444
854.960516701280
857.666634340569
860.371883598662
863.076264867674
865.779778539486
868.482425005744
871.184204657857
873.885117887007
876.585165084123
879.284346639921
881.982662944863
884.680114389192
887.376701362903
890.072424255772
892.767283457319
895.461279356862
898.154412343450
900.846682805924
903.538091132887
906.228637712695
908.918322933492
911.607147183171
914.295110849409
916.982214319628
919.668457981045
922.353842220624
925.038367425106
927.722033981001
930.404842274581
933.086792691897
935.767885618757
938.448121440747
941.127500543217
943.806023311294
946.483690129861
949.160501383584
951.836457456895
954.511558733986
957.185805598833
959.859198435179
962.531737626534
965.203423556179
967.874256607169
970.544237162325
973.213365604247
975.881642315301
978.549067677621
981.215642073123
983.881365883482
986.546239490160
989.210263274383
991.873437617147
994.535762899224
997.197239501155
999.857867803264
1002.51764818564
1005.17658102814
1007.83466671041
1010.49190561185
1013.14829811166
1015.80384458878
1018.45854542196
1021.11240098970
1023.76541167027
1026.41757784175
1029.06889988195
1031.71937816849
1034.36901307873
1037.01780498985
1039.66575427877
1042.31286132220
1044.95912649663
1047.60455017830
1050.24913274326
1052.89287456733
1055.53577602607
1058.17783749487
1060.81905934886
1063.45944196296
1066.09898571187
1068.73769097006
1071.37555811178
1074.01258751105
1076.64877954170
1079.28413457728
1081.91865299118
1084.55233515653
1087.18518144624
1089.81719223302
1092.44836788935
1095.07870878747
1097.70821529941
1100.33688779701
1102.96472665184
1105.59173223528
1108.21790491849
1110.84324507239
1113.46775306769
1116.09142927489
1118.71427406427
1121.33628780587
1123.95747086954
1126.57782362488
1129.19734644129
1131.81603968794
1134.43390373381
1137.05093894763
1139.66714569792
1142.28252435298
1144.89707528091
1147.51079884956
1150.12369542660
1152.73576537945
1155.34700907533
1157.95742688125
1160.56701916397
1163.17578629008
1165.78372862590
1168.39084653758
1170.99714039104
1173.60261055197
1176.20725738585
1178.81108125796
1181.41408253334
1184.01626157683
1186.61761875306
1189.21815442642
1191.81786896112
1194.41676272111
1197.01483607018
1199.61208937185
1202.20852298948
1204.80413728616
1207.39893262481
1209.99290936811
1212.58606787854
1215.17840851837
1217.76993164964
1220.36063763419
1222.95052683364
1225.53959960940
1228.12785632266
1230.71529733442
1233.30192300543
1235.88773369627
1238.47272976727
1241.05691157857
1243.64027949009
1246.22283386156
1248.80457505245
1251.38550342207
1253.96561932948
1256.54492313356
1259.12341519295
1261.70109586611
1264.27796551127
1266.85402448643
1269.42927314944
1272.00371185787
1274.57734096912
1277.15016084038
1279.72217182862
1282.29337429060
1284.86376858287
1287.43335506178
1290.00213408346
1292.57010600384
1295.13727117864
1297.70362996336
1300.26918271330
1302.83392978356
1305.39787152902
1307.96100830435
1310.52334046403
1313.08486836230
1315.64559235324
1318.20551279066
1320.76463002823
1323.32294441935
1325.88045631728
1328.43716607500
1330.99307404534
1333.54818058090
1336.10248603408
1338.65599075706
1341.20869510183
1343.76059942017
1346.31170406365
1348.86200938365
1351.41151573131
1353.96022345761
1356.50813291328
1359.05524444888
1361.60155841475
1364.14707516102
1366.69179503764
1369.23571839431
1371.77884558057
1374.32117694573
1376.86271283893
1379.40345360905
1381.94339960482
1384.48255117473
1387.02090866710
1389.55847243000
1392.09524281135
1394.63122015883
1397.16640481993
1399.70079714194
1402.23439747194
1404.76720615682
1407.29922354325
1409.83044997770
1412.36088580647
1414.89053137561
1417.41938703100
1419.94745311832
1422.47472998302
1425.00121797039
1427.52691742549
1430.05182869318
1432.57595211812
1435.09928804480
1437.62183681746
1440.14359878018
1442.66457427681
1445.18476365102
1447.70416724628
1450.22278540586
1452.74061847280
1455.25766679000
1457.77393070010
1460.28941054557
1462.80410666870
1465.31801941153
1467.83114911596
1470.34349612363
1472.85506077605
1475.36584341447
1477.87584437997
1480.38506401344
1482.89350265556
1485.40116064681
1487.90803832747
1490.41413603765
1492.91945411722
1495.42399290589
1497.92775274315
1500.43073396831
1502.93293692047
1505.43436193853
1507.93500936121
1510.43487952702
1512.93397277429
1515.43228944113
1517.92982986548
1520.42659438506
1522.92258333742
1525.41779705989
1527.91223588962
1530.40590016356
1532.89879021847
1535.39090639090
1537.88224901723
1540.37281843362
1542.86261497605
1545.35163898031
1547.83989078198
1550.32737071646
1552.81407911895
1555.30001632446
1557.78518266780
1560.26957848359
1562.75320410626
1565.23605987004
1567.71814610898
1570.19946315692
1572.68001134752
1575.15979101424
1577.63880249035
1580.11704610893
1582.59452220287
1585.07123110485
1587.54717314739
1590.02234866279
1592.49675798316
1594.97040144045
1597.44327936638
1599.91539209250
1602.38673995016
1604.85732327053
1607.32714238458
1609.79619762308
1612.26448931664
1614.73201779564
1617.19878339031
1619.66478643066
1622.13002724652
1624.59450616753
1627.05822352315
1629.52117964263
1631.98337485504
1634.44480948927
1636.90548387402
1639.36539833778
1641.82455320888
1644.28294881543
1646.74058548538
1649.19746354648
1651.65358332629
1654.10894515219
1656.56354935135
1659.01739625077
1661.47048617727
1663.92281945747
1666.37439641780
1668.82521738451
1671.27528268365
1673.72459264111
1676.17314758257
1678.62094783352
1681.06799371928
1683.51428556498
1685.95982369555
1688.40460843575
1690.84864011014
1693.29191904311
1695.73444555885
1698.17621998136
1700.61724263449
1703.05751384184
1705.49703392690
1707.93580321292
1710.37382202297
1712.81109067998
1715.24760950663
1717.68337882547
1720.11839895883
1722.55267022888
1724.98619295759
1727.41896746674
1729.85099407796
1732.28227311264
1734.71280489205
1737.14258973723
1739.57162796906
1741.99991990822
1744.42746587521
1746.85426619037
1749.28032117382
1751.70563114553
1754.13019642527
1756.55401733263
1758.97709418701
1761.39942730764
1763.82101701358
1766.24186362367
1768.66196745660
1771.08132883087
1773.49994806479
1775.91782547650
1778.33496138395
1780.75135610491
1783.16700995698
1785.58192325756
1787.99609632388
1790.40952947300
1792.82222302177
1795.23417728689
1797.64539258487
1800.05586923202
1802.46560754449
1804.87460783826
1807.28287042911
1809.69039563264
1812.09718376428
1814.50323513929
1816.90855007272
1819.31312887946
1821.71697187424
1824.12007937157
1826.52245168581
1828.92408913113
1831.32499202153
1833.72516067083
1836.12459539266
1838.52329650047
1840.92126430757
1843.31849912704
1845.71500127181
1848.11077105464
1850.50580878808
1852.90011478454
1855.29368935623
1857.68653281519
1860.07864547329
1862.47002764220
1864.86067963343
1867.25060175832
1869.63979432801
1872.02825765350
1874.41599204557
1876.80299781486
1879.18927527181
1881.57482472670
1883.95964648962
1886.34374087051
1888.72710817909
1891.10974872495
1893.49166281749
1895.87285076591
1898.25331287927
1900.63304946644
1903.01206083611
1905.39034729681
1907.76790915687
1910.14474672449
1912.52086030763
1914.89625021415
1917.27091675167
1919.64486022769
1922.01808094949
1924.39057922421
1926.76235535881
1929.13340966006
1931.50374243456
1933.87335398877
1936.24224462893
1938.61041466113
1940.97786439129
1943.34459412515
1945.71060416829
1948.07589482610
1950.44046640380
1952.80431920644
1955.16745353892
1957.52986970593
1959.89156801202
1962.25254876155
1964.61281225871
1966.97235880752
1969.33118871184
1971.68930227535
1974.04669980155
1976.40338159377
1978.75934795520
1981.11459918882
1983.46913559745
1985.82295748375
1988.17606515021
1990.52845889914
1992.88013903268
1995.23110585281
1997.58135966132
1999.93090075986
2002.27972944988
2004.62784603268
2006.97525080939
2009.32194408096
2011.66792614817
2014.01319731165
2016.35775787184
2018.70160812902
2021.04474838331
2023.38717893463
2025.72890008278
2028.06991212734
2030.41021536777
2032.74981010332
2035.08869663309
2037.42687525603
2039.76434627090
2042.10110997628
2044.43716667062
2046.77251665217
2049.10716021903
2051.44109766912
2053.77432930021
2056.10685540989
2058.43867629559
2060.76979225456
2063.10020358391
2065.42991058054
2067.75891354124
2070.08721276258
2072.41480854100
2074.74170117277
2077.06789095397
2079.39337818053
2081.71816314823
2084.04224615265
2086.36562748924
2088.68830745326
2091.01028633981
2093.33156444384
2095.65214206010
2097.97201948323
2100.29119700764
2102.60967492763
2104.92745353730
2107.24453313061
2109.56091400134
2111.87659644312
2114.19158074940
2116.50586721346
2118.81945612845
2121.13234778733
2123.44454248289
2125.75604050778
2128.06684215448
2130.37694771528
2132.68635748235
2134.99507174766
2137.30309080305
2139.61041494016
2141.91704445050
2144.22297962539
2146.52822075602
2148.83276813340
2151.13662204836
2153.43978279159
2155.74225065362
2158.04402592481
2160.34510889536
2162.64549985531
2164.94519909452
2167.24420690272
2169.54252356946
2171.84014938413
2174.13708463597
2176.43332961403
2178.72888460724
2181.02374990434
2183.31792579391
2185.61141256439
2187.90421050404
2190.19631990097
2192.48774104313
2194.77847421829
2197.06851971409
2199.35787781799
2201.64654881730
2203.93453299916
2206.22183065056
2208.50844205833
2210.79436750915
2213.07960728950
2215.36416168576
2217.64803098410
2219.93121547057
2222.21371543102
2224.49553115119
2226.77666291662
2229.05711101271
2231.33687572470
2233.61595733767
2235.89435613655
2238.17207240610
2240.44910643092
2242.72545849547
2245.00112888404
2247.27611788077
2249.55042576962
2251.82405283442
2254.09699935883
2256.36926562635
2258.64085192034
2260.91175852398
2263.18198572031
2265.45153379220
2267.72040302238
2269.98859369341
2272.25610608770
2274.52294048750
2276.78909717491
2279.05457643186
2281.31937854014
2283.58350378137
2285.84695243704
2288.10972478845
2290.37182111677
2292.63324170300
2294.89398682799
2297.15405677244
2299.41345181689
2301.67217224172
2303.93021832716
2306.18759035329
2308.44428860003
2310.70031334715
2312.95566487425
2315.21034346080
2317.46434938609
2319.71768292929
2321.97034436937
2324.22233398518
2326.47365205543
2328.72429885862
2330.97427467315
2333.22357977724
2335.47221444897
2337.72017896625
2339.96747360686
2342.21409864840
2344.46005436834
2346.70534104398
2348.94995895249
2351.19390837086
2353.43718957594
2355.67980284444
2357.92174845289
2360.16302667770
2362.40363779510
2364.64358208118
2366.88285981187
2369.12147126298
2371.35941671012
2373.59669642878
2375.83331069430
2378.06925978184
2380.30454396644
2382.53916352299
2384.77311872619
2387.00640985063
2389.23903717073
2391.47100096077
2393.70230149487
2395.93293904699
2398.16291389097
2400.39222630048
2402.62087654902
2404.84886490999
2407.07619165659
2409.30285706190
2411.52886139884
2413.75420494019
2415.97888795855
2418.20291072642
2420.42627351610
2422.64897659978
2424.87102024947
2427.09240473707
2429.31313033428
2431.53319731269
2433.75260594373
2435.97135649867
2438.18944924866
2440.40688446467
2442.62366241754
2444.83978337795
2447.05524761644
2449.27005540341
2451.48420700910
2453.69770270359
2455.91054275684
2458.12272743865
2460.33425701866
2462.54513176639
2464.75535195118
2466.96491784225
2469.17382970867
2471.38208781933
2473.58969244302
2475.79664384836
2478.00294230381
2480.20858807771
2482.41358143824
2484.61792265344
2486.82161199118
2489.02464971922
2491.22703610515
2493.42877141642
2495.62985592034
2497.83028988406
2500.03007357459
2502.22920725881
2504.42769120344
2506.62552567504
2508.82271094005
2511.01924726476
2513.21513491531
2515.41037415768
2517.60496525774
2519.79890848118
2521.99220409357
2524.18485236032
2526.37685354671
2528.56820791785
2530.75891573874
2532.94897727421
2535.13839278896
2537.32716254752
2539.51528681433
2541.70276585362
2543.88959992952
2546.07578930601
2548.26133424691
2550.44623501592
2552.63049187658
2554.81410509229
2556.99707492630
2559.17940164173
2561.36108550156
2563.54212676861
2565.72252570556
2567.90228257496
2570.08139763922
2572.25987116058
2574.43770340117
2576.61489462295
2578.79144508776
2580.96735505730
2583.14262479309
2585.31725455656
2587.49124460895
2589.66459521140
2591.83730662489
2594.00937911025
2596.18081292817
2598.35160833922
2600.52176560381
2602.69128498221
2604.86016673455
2607.02841112083
2609.19601840089
2611.36298883444
2613.52932268106
2615.69502020017
2617.86008165105
2620.02450729287
2622.18829738461
2624.35145218515
2626.51397195322
2628.67585694740
2630.83710742613
2632.99772364774
2635.15770587037
2637.31705435207
2639.47576935071
2641.63385112405
2643.79129992970
2645.94811602512
2648.10429966765
2650.25985111447
2652.41477062265
2654.56905844908
2656.72271485056
2658.87574008372
2661.02813440504
2663.17989807090
2665.33103133752
2667.48153446096
2669.63140769719
2671.78065130201
2673.92926553108
2676.07725063993
2678.22460688396
2680.37133451842
2682.51743379843
2684.66290497896
2686.80774831487
2688.95196406085
2691.09555247147
2693.23851380116
2695.38084830422
2697.52255623479
2699.66363784690
2701.80409339444
2703.94392313114
2706.08312731061
2708.22170618634
2710.35966001164
2712.49698903973
2714.63369352366
2716.76977371637
2718.90522987063
2721.04006223912
2723.17427107434
2725.30785662868
2727.44081915439
2729.57315890358
2731.70487612822
2733.83597108016
2735.96644401110
2738.09629517262
2740.22552481614
2742.35413319296
2744.48212055426
2746.60948715105
2748.73623323425
2750.86235905460
2752.98786486273
2755.11275090914
2757.23701744417
2759.36066471807
2761.48369298090
2763.60610248263
2765.72789347307
2767.84906620191
2769.96962091871
2772.08955787288
2774.20887731371
2776.32757949034
2778.44566465179
2780.56313304696
2782.67998492458
2784.79622053328
2786.91184012154
2789.02684393771
2791.14123223000
2793.25500524652
2795.36816323519
2797.48070644385
2799.59263512019
2801.70394951175
2803.81464986595
2805.92473643010
2808.03420945133
2810.14306917669
2812.25131585306
2814.35894972720
2816.46597104574
2818.57238005518
2820.67817700188
2822.78336213208
2824.88793569188
2826.99189792724
2829.09524908401
2831.19798940790
2833.30011914448
2835.40163853920
2837.50254783736
2839.60284728416
2841.70253712465
2843.80161760374
2845.90008896623
2847.99795145678
2850.09520531992
2852.19185080005
2854.28788814143
2856.38331758821
2858.47813938439
2860.57235377385
2862.66596100034
2864.75896130748
2866.85135493875
2868.94314213752
2871.03432314701
2873.12489821033
2875.21486757044
2877.30423147019
2879.39299015227
2881.48114385929
2883.56869283369
2885.65563731779
2887.74197755379
2889.82771378375
2891.91284624961
2893.99737519319
2896.08130085615
2898.16462348006
2900.24734330633
2902.32946057626
2904.41097553101
2906.49188841163
2908.57219945901
2910.65190891395
2912.73101701710
2914.80952400898
2916.88743012999
2918.96473562041
2921.04144072037
2923.11754566989
2925.19305070886
2927.26795607704
2929.34226201406
2931.41596875943
2933.48907655252
2935.56158563260
2937.63349623878
2939.70480861006
2941.77552298531
2943.84563960329
2945.91515870260
2947.98408052174
2950.05240529907
2952.12013327284
2954.18726468115
2956.25379976200
2958.31973875323
2960.38508189259
2962.44982941769
2964.51398156601
2966.57753857490
2968.64050068160
2970.70286812321
2972.76464113671
2974.82581995895
2976.88640482668
2978.94639597648
2981.00579364485
2983.06459806812
2985.12280948254
2987.18042812420
2989.23745422909
2991.29388803306
2993.34972977183
2995.40497968102
2997.45963799610
2999.51370495244
3001.56718078526
3003.62006572967
3005.67236002065
3007.72406389306
3009.77517758164
3011.82570132100
3013.87563534563
3015.92497988989
3017.97373518802
3020.02190147414
3022.06947898223
3024.11646794618
3026.16286859972
3028.20868117648
3030.25390590996
3032.29854303353
3034.34259278045
3036.38605538385
3038.42893107673
3040.47122009199
3042.51292266238
3044.55403902054
3046.59456939899
3048.63451403013
3050.67387314622
3052.71264697942
3054.75083576176
3056.78843972513
3058.82545910133
3060.86189412200
3062.89774501871
3064.93301202285
3066.96769536574
3069.00179527853
3071.03531199229
3073.06824573795
3075.10059674631
3077.13236524807
3079.16355147378
3081.19415565391
3083.22417801877
3085.25361879856
3087.28247822337
3089.31075652317
3091.33845392779
3093.36557066695
3095.39210697026
3097.41806306718
3099.44343918709
3101.46823555923
3103.49245241270
3105.51608997651
3107.53914847953
3109.56162815053
3111.58352921814
3113.60485191088
3115.62559645714
3117.64576308522
3119.66535202325
3121.68436349929
3123.70279774126
3125.72065497694
3127.73793543404
3129.75463934009
3131.77076692256
3133.78631840876
3135.80129402590
3137.81569400106
3139.82951856120
3141.84276793318
3143.85544234373
3145.86754201944
3147.87906718683
3149.89001807225
3151.90039490197
3153.91019790212
3155.91942729872
3157.92808331766
3159.93616618473
3161.94367612560
3163.95061336581
3165.95697813078
3167.96277064584
3169.96799113616
3171.97263982683
3173.97671694279
3175.98022270890
3177.98315734988
3179.98552109032
3181.98731415472
3183.98853676745
3185.98918915275
3187.98927153477
3189.98878413753
3191.98772718493
3193.98610090075
3195.98390550866
3197.98114123222
3199.97780829486
3201.97390691990
3203.96943733055
3205.96439974988
3207.95879440088
3209.95262150639
3211.94588128915
3213.93857397178
3215.93069977679
3217.92225892658
3219.91325164341
3221.90367814944
3223.89353866671
3225.88283341717
3227.87156262260
3229.85972650471
3231.84732528509
3233.83435918519
3235.82082842637
3237.80673322986
3239.79207381679
3241.77685040816
3243.76106322485
3245.74471248765
3247.72779841721
3249.71032123409
3251.69228115870
3253.67367841138
3255.65451321231
3257.63478578160
3259.61449633922
3261.59364510501
3263.57223229873
3265.55025814001
3267.52772284837
3269.50462664321
3271.48096974383
3273.45675236938
3275.43197473895
3277.40663707147
3279.38073958578
3281.35428250060
3283.32726603454
3285.29969040610
3287.27155583364
3289.24286253546
3291.21361072969
3293.18380063438
3295.15343246746
3297.12250644675
3299.09102278994
3301.05898171463
3303.02638343830
3304.99322817831
3306.95951615190
3308.92524757624
3310.89042266833
3312.85504164510
3314.81910472335
3316.78261211977
3318.74556405094
3320.70796073332
3322.66980238327
3324.63108921704
3326.59182145076
3328.55199930043
3330.51162298198
3332.47069271119
3334.42920870376
3336.38717117525
3338.34458034112
3340.30143641674
3342.25773961733
3344.21349015802
3346.16868825384
3348.12333411969
3350.07742797035
3352.03097002053
3353.98396048478
3355.93639957757
3357.88828751326
3359.83962450608
3361.79041077017
3363.74064651955
3365.69033196813
3367.63946732970
3369.58805281795
3371.53608864647
3373.48357502873
3375.43051217808
3377.37690030777
3379.32273963094
3381.26803036063
3383.21277270974
3385.15696689110
3387.10061311740
3389.04371160124
3390.98626255508
3392.92826619132
3394.86972272221
3396.81063235989
3398.75099531643
3400.69081180376
3402.63008203369
3404.56880621795
3406.50698456814
3408.44461729577
3410.38170461223
3412.31824672880
3414.25424385665
3416.18969620685
3418.12460399035
3420.05896741801
3421.99278670056
3423.92606204863
3425.85879367276
3427.79098178334
3429.72262659070
3431.65372830503
3433.58428713642
3435.51430329486
3437.44377699022
3439.37270843227
3441.30109783067
3443.22894539497
3445.15625133462
3447.08301585896
3449.00923917722
3450.93492149852
3452.86006303188
3454.78466398620
3456.70872457030
3458.63224499285
3460.55522546246
3462.47766618761
3464.39956737666
3466.32092923788
3468.24175197945
3470.16203580940
3472.08178093569
3474.00098756616
3475.91965590855
3477.83778617048
3479.75537855948
3481.67243328296
3483.58895054823
3485.50493056250
3487.42037353286
3489.33527966631
3491.24964916974
3493.16348224992
3495.07677911353
3496.98953996714
3498.90176501721
3500.81345447010
3502.72460853206
3504.63522740924
3506.54531130769
3508.45486043333
3510.36387499201
3512.27235518944
3514.18030123125
3516.08771332296
3517.99459166997
3519.90093647760
3521.80674795104
3523.71202629540
3525.61677171566
3527.52098441672
3529.42466460335
3531.32781248024
3533.23042825196
3535.13251212299
3537.03406429768
3538.93508498031
3540.83557437502
3542.73553268588
3544.63496011682
3546.53385687171
3548.43222315428
3550.33005916817
3552.22736511691
3554.12414120395
3556.02038763259
3557.91610460607
3559.81129232751
3561.70595099993
3563.60008082623
3565.49368200924
3567.38675475166
3569.27929925609
3571.17131572503
3573.06280436089
3574.95376536595
3576.84419894242
3578.73410529238
3580.62348461782
3582.51233712061
3584.40066300256
3586.28846246533
3588.17573571051
3590.06248293956
3591.94870435386
3593.83440015468
3595.71957054319
3597.60421572045
3599.48833588743
3601.37193124498
3603.25500199388
3605.13754833478
3607.01957046822
3608.90106859467
3610.78204291449
3612.66249362791
3614.54242093510
3616.42182503609
3618.30070613085
3620.17906441920
3622.05690010090
3623.93421337559
3625.81100444280
3627.68727350199
3629.56302075249
3631.43824639355
3633.31295062428
3635.18713364374
3637.06079565086
3638.93393684448
3640.80655742333
3642.67865758604
3644.55023753115
3646.42129745709
3648.29183756221
3650.16185804471
3652.03135910275
3653.90034093435
3655.76880373744
3657.63674770986
3659.50417304934
3661.37107995350
3663.23746861989
3665.10333924594
3666.96869202897
3668.83352716622
3670.69784485482
3672.56164529182
